  1.388794386496402E-011
  1.000265556731658E-011
  5.885566042378459E-012
  1.255269359036287E-012
 -4.116301653790433E-012
 -1.056031263405936E-011
 -1.837402485899455E-011
 -2.792365458872028E-011
 -3.962806304571287E-011
 -5.391531703779334E-011
 -7.135095489523697E-011
 -9.248013080481445E-011
 -1.180615166848225E-010
 -1.489099740233398E-010
 -1.859791907171718E-010
 -2.305080429460910E-010
 -2.839121486862040E-010
 -3.479239823879118E-010
 -4.246563948733219E-010
 -5.166281327157662E-010
 -6.268109460208126E-010
 -7.587546364381880E-010
 -9.166650159207959E-010
 -1.105455540662911E-009
 -1.330948506400035E-009
 -1.599952774124911E-009
 -1.920608367036740E-009
 -2.302466303822287E-009
 -2.756863585375557E-009
 -3.297199331878294E-009
 -3.939215967103654E-009
 -4.701486604962678E-009
 -5.605796142494321E-009
 -6.677713051913977E-009
 -7.947198393041524E-009
 -9.449400847763135E-009
 -1.122548747469871E-008
 -1.332367054221359E-008
 -1.580040073592490E-008
 -1.872157390256888E-008
 -2.216416140546321E-008
 -2.621788835749869E-008
 -3.098725870574873E-008
 -3.659397226922198E-008
 -4.317955837156121E-008
 -5.090858035646832E-008
 -5.997211993339480E-008
 -7.059186662601531E-008
 -8.302480986268042E-008
 -9.756846295831897E-008
 -1.145670627269676E-007
 -1.344185810425271E-007
 -1.575827074015446E-007
 -1.845898432029758E-007
 -2.160516412896752E-007
 -2.526725503021951E-007
 -2.952632515489383E-007
 -3.447558883492472E-007
 -4.022213476277903E-007
 -4.688886707032592E-007
 -5.461673117771329E-007
 -6.356720654479901E-007
 -7.392511941342362E-007
 -8.590184092214589E-007
 -9.973887271145740E-007
 -1.157118997518077E-006
 -1.341353392279320E-006
 -1.553674536863041E-006
 -1.798160881971585E-006
 -2.079451039866997E-006
 -2.402815998108387E-006
 -2.774239790713325E-006
 -3.200509688225863E-006
 -3.689316936355389E-006
 -4.249369054370441E-006
 -4.890515019815143E-006
 -5.623884496959379E-006
 -6.462042840793615E-006
 -7.419162984101044E-006
 -8.511216216545750E-006
 -9.756183437243849E-006
 -1.117428907097966E-005
 -1.278825977945885E-005
 -1.462360981452471E-005
 -1.670895601372456E-005
 -1.907636463249661E-005
 -2.176173304399200E-005
 -2.480520927094235E-005
 -2.825165250777920E-005
 -3.215113811573033E-005
 -3.655951039137078E-005
 -4.153898740638887E-005
 -4.715882164515874E-005
 -5.349602089717392E-005
 -6.063613356327727E-005
 -6.867410358190500E-005
 -7.771519934560954E-005
 -8.787602229377278E-005
 -9.928560016232450E-005
 -1.120865706417275E-004
 -1.264364610973612E-004
 -1.425090700306345E-004
 -1.604959570926228E-004
 -1.806080469978618E-004
 -2.030773542703742E-004
 -2.281588347581993E-004
 -2.561323707059673E-004
 -2.873048958075849E-004
 -3.220126664774787E-004
 -3.606236858639013E-004
 -4.035402864838808E-004
 -4.512018781290292E-004
 -5.040878660357819E-004
 -5.627207454593000E-004
 -6.276693769739800E-004
 -6.995524476159774E-004
 -7.790421216014734E-004
 -8.668678839227145E-004
 -9.638205792981655E-004
 -1.070756648260111E-003
 -1.188602561010607E-003
 -1.318359448666963E-003
 -1.461107930204976E-003
 -1.618013132211827E-003
 -1.790329896903012E-003
 -1.979408172422789E-003
 -2.186698578045983E-003
 -2.413758133736215E-003
 -2.662256143588082E-003
 -2.933980218467803E-003
 -3.230842422484483E-003
 -3.554885524666313E-003
 -3.908289334871821E-003
 -4.293377100622503E-003
 -4.712621938530895E-003
 -5.168653271456401E-003
 -5.664263239098630E-003
 -6.202413047384664E-003
 -6.786239218591507E-003
 -7.419059701325836E-003
 -8.104379795858726E-003
 -8.845897848041856E-003
 -9.647510661261391E-003
 -1.051331857332868E-002
 -1.144763014199654E-002
 -1.245496637993264E-002
 -1.354006447804437E-002
 -1.470788095209345E-002
 -1.596359414692997E-002
 -1.731260602899976E-002
 -1.876054319775174E-002
 -2.031325704309081E-002
 -2.197682297703074E-002
 -2.375753866500704E-002
 -2.566192118386774E-002
 -2.769670303218610E-002
 -2.986882692043470E-002
 -3.218543926895422E-002
 -3.465388234413205E-002
 -3.728168496521594E-002
 -4.007655171739091E-002
 -4.304635061064845E-002
 -4.619909912805946E-002
 -4.954294861292871E-002
 -5.308616694895869E-002
 -5.683711949551338E-002
 -6.080424824662843E-002
 -6.499604919064286E-002
 -6.942104785619876E-002
 -7.408777303986380E-002
 -7.900472872108213E-002
 -8.418036418071301E-002
 -8.962304235091870E-002
 -9.534100643716500E-002
 -0.101342344864238     
 -0.107634954612917     
 -0.114226503026117     
 -0.121124388178545     
 -0.128335697916794     
 -0.135867167692004     
 -0.143725137321266     
 -0.151915506828354     
 -0.160443691528556     
 -0.169314576536478     
 -0.178532470888907     
 -0.188101061488600     
 -0.198023367086577     
 -0.208301692532738     
 -0.218937583535263     
 -0.229931782179233     
 -0.241284183463351     
 -0.252993793121537     
 -0.265058687001916     
 -0.277475972280324     
 -0.290241750788833     
 -0.303351084740549     
 -0.316797965132148     
 -0.330575283102300     
 -0.344674804521116     
 -0.359087148078385     
 -0.373801767130327     
 -0.388806935554926     
 -0.404089737852334     
 -0.419636063713092     
 -0.435430607259979     
 -0.451456871151155     
 -0.467697175710758     
 -0.484132673232178     
 -0.500743367573048     
 -0.517508139137378     
 -0.534404775310838     
 -0.551410006387194     
 -0.568499546994400     
 -0.585648142996325     
 -0.602829623815447     
 -0.620016960088239     
 -0.637182326532721     
 -0.654297169873146     
 -0.671332281635057     
 -0.688257875589756     
 -0.705043669594951     
 -0.721658971547110     
 -0.738072769130349     
 -0.754253823015964     
 -0.770170763141459     
 -0.785792187668721     
 -0.801086764199370     
 -0.816023332802001     
 -0.830571010387236     
 -0.844699295949016     
 -0.858378176177217     
 -0.871578230935006     
 -0.884270738086467     
 -0.896427777155275     
 -0.908022331293331     
 -0.919028387040577     
 -0.929421031361572     
 -0.939176545453837     
 -0.948272494834206     
 -0.956687815224833     
 -0.964402893779428     
 -0.971399645211391     
 -0.977661582410379     
 -0.983173881161861     
 -0.987923438613858     
 -0.991898925168141     
 -0.995090829508511     
 -0.997491496515694     
 -0.999095157856907     
 -0.999897955079614     
 -0.999897955079614     
 -0.999095157856904     
 -0.997491496515702     
 -0.995090829508515     
 -0.991898925168141     
 -0.987923438613862     
 -0.983173881161867     
 -0.977661582410372     
 -0.971399645211385     
 -0.964402893779421     
 -0.956687815224835     
 -0.948272494834202     
 -0.939176545453830     
 -0.929421031361563     
 -0.919028387040573     
 -0.908022331293326     
 -0.896427777155264     
 -0.884270738086457     
 -0.871578230934994     
 -0.858378176177205     
 -0.844699295949008     
 -0.830571010387234     
 -0.816023332801996     
 -0.801086764199358     
 -0.785792187668712     
 -0.770170763141453     
 -0.754253823015959     
 -0.738072769130345     
 -0.721658971547106     
 -0.705043669594941     
 -0.688257875589741     
 -0.671332281635051     
 -0.654297169873141     
 -0.637182326532718     
 -0.620016960088234     
 -0.602829623815440     
 -0.585648142996319     
 -0.568499546994394     
 -0.551410006387183     
 -0.534404775310829     
 -0.517508139137366     
 -0.500743367573039     
 -0.484132673232171     
 -0.467697175710747     
 -0.451456871151146     
 -0.435430607259964     
 -0.419636063713083     
 -0.404089737852325     
 -0.388806935554915     
 -0.373801767130315     
 -0.359087148078378     
 -0.344674804521105     
 -0.330575283102293     
 -0.316797965132139     
 -0.303351084740542     
 -0.290241750788828     
 -0.277475972280316     
 -0.265058687001907     
 -0.252993793121539     
 -0.241284183463352     
 -0.229931782179227     
 -0.218937583535256     
 -0.208301692532728     
 -0.198023367086574     
 -0.188101061488598     
 -0.178532470888906     
 -0.169314576536475     
 -0.160443691528555     
 -0.151915506828346     
 -0.143725137321263     
 -0.135867167692001     
 -0.128335697916792     
 -0.121124388178545     
 -0.114226503026110     
 -0.107634954612915     
 -0.101342344864232     
 -9.534100643716589E-002
 -8.962304235091334E-002
 -8.418036418070965E-002
 -7.900472872108492E-002
 -7.408777303986093E-002
 -6.942104785619781E-002
 -6.499604919064195E-002
 -6.080424824662676E-002
 -5.683711949551502E-002
 -5.308616694895377E-002
 -4.954294861293243E-002
 -4.619909912805467E-002
 -4.304635061064484E-002
 -4.007655171739097E-002
 -3.728168496522318E-002
 -3.465388234413198E-002
 -3.218543926895048E-002
 -2.986882692043359E-002
 -2.769670303218456E-002
 -2.566192118386483E-002
 -2.375753866500462E-002
 -2.197682297703045E-002
 -2.031325704308653E-002
 -1.876054319774579E-002
 -1.731260602900103E-002
 -1.596359414693373E-002
 -1.470788095209128E-002
 -1.354006447804784E-002
 -1.245496637993523E-002
 -1.144763014199767E-002
 -1.051331857332541E-002
 -9.647510661259240E-003
 -8.845897848046718E-003
 -8.104379795859689E-003
 -7.419059701328362E-003
 -6.786239218587150E-003
 -6.202413047383487E-003
 -5.664263239098279E-003
 -5.168653271453988E-003
 -4.712621938532559E-003
 -4.293377100621333E-003
 -3.908289334867063E-003
 -3.554885524669676E-003
 -3.230842422483809E-003
 -2.933980218469837E-003
 -2.662256143586626E-003
 -2.413758133740511E-003
 -2.186698578044520E-003
 -1.979408172421554E-003
 -1.790329896905050E-003
 -1.618013132216263E-003
 -1.461107930205096E-003
 -1.318359448669567E-003
 -1.188602561002170E-003
 -1.070756648267098E-003
 -9.638205792943999E-004
 -8.668678839247031E-004
 -7.790421216067481E-004
 -6.995524476106727E-004
 -6.276693769766176E-004
 -5.627207454515973E-004
 -5.040878660408376E-004
 -4.512018781265423E-004
 -4.035402864795458E-004
 -3.606236858667103E-004
 -3.220126664768464E-004
 -2.873048958076159E-004
 -2.561323707063524E-004
 -2.281588347538298E-004
 -2.030773542711620E-004
 -1.806080469999286E-004
 -1.604959570954372E-004
 -1.425090700303514E-004
 -1.264364610980781E-004
 -1.120865706419117E-004
 -9.928560016232714E-005
 -8.787602229539857E-005
 -7.771519934449528E-005
 -6.867410358390431E-005
 -6.063613356080477E-005
 -5.349602089857617E-005
 -4.715882164292193E-005
 -4.153898740536946E-005
 -3.655951039355407E-005
 -3.215113811513602E-005
 -2.825165251037846E-005
 -2.480520927231109E-005
 -2.176173304492355E-005
 -1.907636463151015E-005
 -1.670895601482275E-005
 -1.462360981749296E-005
 -1.278825978281325E-005
 -1.117428906973378E-005
 -9.756183437808408E-006
 -8.511216216859020E-006
 -7.419162990682307E-006
 -6.462042841959554E-006
 -5.623884495635587E-006
 -4.890515021895599E-006
 -4.249369056760977E-006
 -3.689316935335994E-006
 -3.200509685228330E-006
 -2.774239790575885E-006
 -2.402816003316680E-006
 -2.079451038050246E-006
 -1.798160881946200E-006
 -1.553674538481231E-006
 -1.341353392031420E-006
 -1.157118994760586E-006
 -9.973887276990314E-007
 -8.590184070434503E-007
 -7.392511914347647E-007
 -6.356720639953899E-007
 -5.461673070612201E-007
 -4.688886723248772E-007
 -4.022213429183481E-007
 -3.447558900956032E-007
 -2.952632514574096E-007
 -2.526725499416235E-007
 -2.160516406307422E-007
 -1.845898467873186E-007
 -1.575827035381027E-007
 -1.344185797501340E-007
 -1.145670642089543E-007
 -9.756846570550879E-008
 -8.302481312453829E-008
 -7.059187073044668E-008
 -5.997212446244962E-008
 -5.090857818952965E-008
 -4.317955662710899E-008
 -3.659397450225379E-008
 -3.098726080520164E-008
 -2.621788533088618E-008
 -2.216416450391282E-008
 -1.872157519098113E-008
 -1.580039812257092E-008
 -1.332366869321046E-008
 -1.122548620728190E-008
 -9.449402811300283E-009
 -7.947200450360006E-009
 -6.677713476176003E-009
 -5.605798840310638E-009
 -4.701486088774616E-009
 -3.939219160845781E-009
 -3.297199227648565E-009
 -2.756869294877601E-009
 -2.302464918231927E-009
 -1.920609576005825E-009
 -1.599946286532989E-009
 -1.330948503335103E-009
 -1.105457364992246E-009
 -9.166653213340670E-010
 -7.587557995037378E-010
 -6.268106552606320E-010
 -5.166272758726686E-010
 -4.246573552539826E-010
 -3.479254556494520E-010
 -2.839134006966371E-010
 -2.305082439449551E-010
 -1.859795536750586E-010
 -1.489109404613966E-010
 -1.180650664337149E-010
 -9.247776214392701E-011
 -7.134863098482327E-011
 -5.391670554607783E-011
 -3.962493660608492E-011
 -2.792761374655274E-011
 -1.837735599822775E-011
 -1.055749243529738E-011
 -4.119580451777847E-012
  1.253122267490218E-012
  5.885087131561795E-012
  1.000144763276182E-011
  1.388794386495662E-011
