0.058407346410207062
0.00083333141130514932
-0.89602809632323943
-1.89426404477869
-2.2682153683310897
-2.3459536627082462
-2.3568869828838213
-2.3768304767090758
-2.3783040806395981
0.058407346410207062
0.00083333141130514932
-0.76835393920329453
-2.0215521727953929
-2.3733993095588968
-2.3389033322271295
-2.3282214580224996
-2.3720941523314094
-2.3553686403004721
0.058407346410207062
0.00083333141130514932
-1.525800845568521
-1.585083171663455
-2.3099771324014662
-2.3614434282913375
-2.3527924683828547
-2.3651056029666648
-2.3817452733974376
0.058407346410207062
0.00083333141130514932
-0.42303779383759066
-2.0899728512469276
-2.356119492482919
-2.414955320223787
-2.3616753410317979
-2.3549545684212392
-2.3571900156547403
0.058407346410207062
0.00083333141130559341
-0.43918675347186475
-1.7783603923121121
-2.3973810044072748
-2.3400734389041515
-2.3619772415551648
-2.3773333893149107
-2.3778454537580256
