3.2000000000000002 0.058407346410207062
0.005
3.1424259850010983 0.00083333141130514932
0.005
2.2455645572665537 -0.89602809632323943
0.005
1.2473286088111031 -1.89426404477869
0.005
0.87337728525870317 -2.2682153683310897
0.005
0.79563899088154699 -2.3459536627082462
0.005
0.78470567070597197 -2.3568869828838213
0.009
0.76476217688071746 -2.3768304767090758
0.049
0.76328857295019525 -2.3783040806395981
0.437
3.2000000000000002 0.058407346410207062
0.004
3.1424259850010983 0.00083333141130514932
0.005
2.3732387143864986 -0.76835393920329453
0.005
1.1200404807944 -2.0215521727953929
0.005
0.76819334403089612 -2.3733993095588968
0.006
0.8026893213626638 -2.3389033322271295
0.005
0.81337119556729343 -2.3282214580224996
0.010
0.76949850125838382 -2.3720941523314094
0.052
0.7862240132893209 -2.3553686403004721
0.429
3.2000000000000002 0.058407346410207062
0.004
3.1424259850010983 0.00083333141130514932
0.005
1.6157918080212721 -1.525800845568521
0.005
1.5565094819263381 -1.585083171663455
0.005
0.83161552118832682 -2.3099771324014662
0.005
0.78014922529845554 -2.3614434282913375
0.012
0.78880018520693829 -2.3527924683828547
0.010
0.77648705062312806 -2.3651056029666648
0.051
0.75984738019235565 -2.3817452733974376
0.476
3.2000000000000002 0.058407346410207062
0.004
3.1424259850010983 0.00083333141130514932
0.005
2.7185548597522025 -0.42303779383759066
0.005
1.0516198023428656 -2.0899728512469276
0.005
0.78547316110687393 -2.356119492482919
0.006
0.726637333366006 -2.414955320223787
0.005
0.77991731255799512 -2.3616753410317979
0.054
0.78663808516855371 -2.3549545684212392
0.451
0.78440263793505294 -2.3571900156547403
4.630
3.2000000000000002 0.058407346410207062
0.006
3.1424259850010987 0.00083333141130559341
0.004
2.7024059001179284 -0.43918675347186475
0.005
1.363232261277681 -1.7783603923121121
0.005
0.74421164918251825 -2.3973810044072748
0.005
0.8015192146856418 -2.3400734389041515
0.010
0.77961541203462836 -2.3619772415551648
0.010
0.76425926427488255 -2.3773333893149107
0.052
0.76374719983176742 -2.3778454537580256
0.455
