0.058407346410207062
0.00083333141130559341
8.3333333322777037e-06
8.3333329570223214e-08
8.3334095180020995e-10
8.3684170704145799e-12
-2.886579864025407e-14
-6.2172489379008766e-14
6.3327121324618929e-13
0.058407346410207062
0.00083333141130559341
8.3333333322777037e-06
8.3333329570223214e-08
8.3334095180020995e-10
8.3684170704145799e-12
-2.886579864025407e-14
-6.2172489379008766e-14
6.3327121324618929e-13
0.058407346410207062
0.00083333141130559341
8.3333333322777037e-06
8.3333329570223214e-08
8.3334095180020995e-10
8.3684170704145799e-12
-2.886579864025407e-14
-6.2172489379008766e-14
6.3327121324618929e-13
0.058407346410207062
0.00083333141130559341
8.3333333322777037e-06
8.3333329570223214e-08
8.3334095180020995e-10
8.3684170704145799e-12
-2.886579864025407e-14
-6.2172489379008766e-14
6.3327121324618929e-13
0.058407346410207062
0.00083333141130559341
8.3333333322777037e-06
8.3333329570223214e-08
8.3334095180020995e-10
8.3684170704145799e-12
-2.886579864025407e-14
-6.2172489379008766e-14
6.3327121324618929e-13
