3.2000000000000002 0.058407346410207062
0.005
3.1424259850010987 0.00083333141130559341
0.004
3.1416009869231254 8.3333333322777037e-06
0.004
3.1415927369231227 8.3333329570223214e-08
0.004
3.1415926544231341 8.3334095180020995e-10
0.004
3.1415926535981615 8.3684170704145799e-12
0.005
3.1415926535897643 -2.886579864025407e-14
0.006
3.1415926535897309 -6.2172489379008766e-14
0.033
3.1415926535904264 6.3327121324618929e-13
0.297
3.2000000000000002 0.058407346410207062
0.004
3.1424259850010987 0.00083333141130559341
0.004
3.1416009869231254 8.3333333322777037e-06
0.004
3.1415927369231227 8.3333329570223214e-08
0.004
3.1415926544231341 8.3334095180020995e-10
0.004
3.1415926535981615 8.3684170704145799e-12
0.005
3.1415926535897643 -2.886579864025407e-14
0.007
3.1415926535897309 -6.2172489379008766e-14
0.034
3.1415926535904264 6.3327121324618929e-13
0.297
3.2000000000000002 0.058407346410207062
0.004
3.1424259850010987 0.00083333141130559341
0.004
3.1416009869231254 8.3333333322777037e-06
0.004
3.1415927369231227 8.3333329570223214e-08
0.004
3.1415926544231341 8.3334095180020995e-10
0.004
3.1415926535981615 8.3684170704145799e-12
0.005
3.1415926535897643 -2.886579864025407e-14
0.007
3.1415926535897309 -6.2172489379008766e-14
0.034
3.1415926535904264 6.3327121324618929e-13
0.298
3.2000000000000002 0.058407346410207062
0.005
3.1424259850010987 0.00083333141130559341
0.005
3.1416009869231254 8.3333333322777037e-06
0.004
3.1415927369231227 8.3333329570223214e-08
0.004
3.1415926544231341 8.3334095180020995e-10
0.004
3.1415926535981615 8.3684170704145799e-12
0.004
3.1415926535897643 -2.886579864025407e-14
0.008
3.1415926535897309 -6.2172489379008766e-14
0.035
3.1415926535904264 6.3327121324618929e-13
0.297
3.2000000000000002 0.058407346410207062
0.004
3.1424259850010987 0.00083333141130559341
0.004
3.1416009869231254 8.3333333322777037e-06
0.005
3.1415927369231227 8.3333329570223214e-08
0.004
3.1415926544231341 8.3334095180020995e-10
0.004
3.1415926535981615 8.3684170704145799e-12
0.004
3.1415926535897643 -2.886579864025407e-14
0.007
3.1415926535897309 -6.2172489379008766e-14
0.034
3.1415926535904264 6.3327121324618929e-13
0.296
